COEFS:
    IncomePerCap: 0.1575612422512042
    White: 0.08373015894421793
    Hispanic: 0.08154284683065045
    Service: 0.04136481084707477
    Black: 0.04080569419305474
    Employed: 0.03311225112384845
    Walk: 0.031319658530968346
    Asian: 0.029385963723938358
    Native: 0.02503215248120263
    OtherTransp: 0.023756251618263502
    IncomePerCapErr: -0.02348690068019265
    Construction: 0.02248488327451241
    Transit: 0.021625175753380063
    MeanCommute: 0.021183705525468634
    Professional: -0.021099480074222285
    SelfEmployed: 0.020750375829879646
    Income: 0.01732629219687963
    Production: -0.015337693898085309
    Pacific: 0.014379130141880804
    Poverty: -0.013438329181735889
    Women: -0.01263602132724983
    ChildPoverty: 0.011498903094828521
    Office: 0.011058018938501403
    PublicWork: -0.00968072836996286
    FamilyWork: -0.008763202948019463
    Drive: -0.0076117823442009135
    Men: 0.005701152814803045
    Carpool: 0.004664465590523322
    Unemployment: 0.004491645573936773
    TotalPop: -0.003625018761726518
    PrivateWork: -0.003179673326202563
    IncomeErr: -0.002929863490070805
    Citizen: 0.0015861791082448762
    WorkAtHome: -0.0002664561834836702